PPOv2_FetchReachEnv-v0:6000000_lr:0.000275_lrd:True_g:0.848_ns:3424_mbs:8_epo:24_eps:0.3_c1:1.0_c2:0.0007_cvl:False_mgn:0.5_gae:True_lam:0.9327_hd:64_lstd:0.0_tef:30000_ee:10_tmsf:60000_d:cpu_ps:True_pss:43
SACv2_FetchReachEnv-v0:2000000_g:0.9646_t:0.0877_a:0.2_lr:0.001092_hd:256_rbs:500000_bs:512_mups:1_tui:1_tef:10000_ee:10_tmsf:10000_a:True_d:cuda_ps:True_pss:61
SACv2_FetchReachEnv-v0:2000000_g:0.8097_t:0.0721_a:0.2_lr:0.001738_hd:256_rbs:10000_bs:512_mups:1_tui:1_tef:10000_ee:10_tmsf:20000_a:True_d:cuda_ps:True_pss:21